begin astar
Started thread 0
Started thread 2
Started thread 1
Started thread 3
solution found
======STEP 0=========
WEIGHT + STEPS = 34

6	2	15	4	5	

11	1	3	0	7	

13	23	8	14	24	

16	12	17	18	19	

21	22	9	10	20	

======STEP 1=========
WEIGHT + STEPS = 34

6	2	15	4	5	

11	1	3	7	0	

13	23	8	14	24	

16	12	17	18	19	

21	22	9	10	20	

======STEP 2=========
WEIGHT + STEPS = 36

6	2	15	4	0	

11	1	3	7	5	

13	23	8	14	24	

16	12	17	18	19	

21	22	9	10	20	

======STEP 3=========
WEIGHT + STEPS = 38

6	2	15	0	4	

11	1	3	7	5	

13	23	8	14	24	

16	12	17	18	19	

21	22	9	10	20	

======STEP 4=========
WEIGHT + STEPS = 38

6	2	0	15	4	

11	1	3	7	5	

13	23	8	14	24	

16	12	17	18	19	

21	22	9	10	20	

======STEP 5=========
WEIGHT + STEPS = 38

6	2	3	15	4	

11	1	0	7	5	

13	23	8	14	24	

16	12	17	18	19	

21	22	9	10	20	

======STEP 6=========
WEIGHT + STEPS = 38

6	2	3	15	4	

11	1	7	0	5	

13	23	8	14	24	

16	12	17	18	19	

21	22	9	10	20	

======STEP 7=========
WEIGHT + STEPS = 38

6	2	3	0	4	

11	1	7	15	5	

13	23	8	14	24	

16	12	17	18	19	

21	22	9	10	20	

======STEP 8=========
WEIGHT + STEPS = 40

6	2	0	3	4	

11	1	7	15	5	

13	23	8	14	24	

16	12	17	18	19	

21	22	9	10	20	

======STEP 9=========
WEIGHT + STEPS = 42

6	0	2	3	4	

11	1	7	15	5	

13	23	8	14	24	

16	12	17	18	19	

21	22	9	10	20	

======STEP 10=========
WEIGHT + STEPS = 42

6	1	2	3	4	

11	0	7	15	5	

13	23	8	14	24	

16	12	17	18	19	

21	22	9	10	20	

======STEP 11=========
WEIGHT + STEPS = 42

6	1	2	3	4	

11	7	0	15	5	

13	23	8	14	24	

16	12	17	18	19	

21	22	9	10	20	

======STEP 12=========
WEIGHT + STEPS = 42

6	1	2	3	4	

11	7	8	15	5	

13	23	0	14	24	

16	12	17	18	19	

21	22	9	10	20	

======STEP 13=========
WEIGHT + STEPS = 42

6	1	2	3	4	

11	7	8	15	5	

13	0	23	14	24	

16	12	17	18	19	

21	22	9	10	20	

======STEP 14=========
WEIGHT + STEPS = 42

6	1	2	3	4	

11	7	8	15	5	

13	12	23	14	24	

16	0	17	18	19	

21	22	9	10	20	

======STEP 15=========
WEIGHT + STEPS = 42

6	1	2	3	4	

11	7	8	15	5	

13	12	23	14	24	

16	17	0	18	19	

21	22	9	10	20	

======STEP 16=========
WEIGHT + STEPS = 42

6	1	2	3	4	

11	7	8	15	5	

13	12	23	14	24	

16	17	18	0	19	

21	22	9	10	20	

======STEP 17=========
WEIGHT + STEPS = 42

6	1	2	3	4	

11	7	8	15	5	

13	12	23	14	24	

16	17	18	10	19	

21	22	9	0	20	

======STEP 18=========
WEIGHT + STEPS = 42

6	1	2	3	4	

11	7	8	15	5	

13	12	23	14	24	

16	17	18	10	19	

21	22	0	9	20	

======STEP 19=========
WEIGHT + STEPS = 44

6	1	2	3	4	

11	7	8	15	5	

13	12	23	14	24	

16	17	0	10	19	

21	22	18	9	20	

======STEP 20=========
WEIGHT + STEPS = 44

6	1	2	3	4	

11	7	8	15	5	

13	12	0	14	24	

16	17	23	10	19	

21	22	18	9	20	

======STEP 21=========
WEIGHT + STEPS = 46

6	1	2	3	4	

11	7	8	15	5	

13	12	14	0	24	

16	17	23	10	19	

21	22	18	9	20	

======STEP 22=========
WEIGHT + STEPS = 46

6	1	2	3	4	

11	7	8	15	5	

13	12	14	10	24	

16	17	23	0	19	

21	22	18	9	20	

======STEP 23=========
WEIGHT + STEPS = 46

6	1	2	3	4	

11	7	8	15	5	

13	12	14	10	24	

16	17	23	9	19	

21	22	18	0	20	

======STEP 24=========
WEIGHT + STEPS = 48

6	1	2	3	4	

11	7	8	15	5	

13	12	14	10	24	

16	17	23	9	19	

21	22	0	18	20	

======STEP 25=========
WEIGHT + STEPS = 48

6	1	2	3	4	

11	7	8	15	5	

13	12	14	10	24	

16	17	0	9	19	

21	22	23	18	20	

======STEP 26=========
WEIGHT + STEPS = 50

6	1	2	3	4	

11	7	8	15	5	

13	12	14	10	24	

16	0	17	9	19	

21	22	23	18	20	

======STEP 27=========
WEIGHT + STEPS = 52

6	1	2	3	4	

11	7	8	15	5	

13	0	14	10	24	

16	12	17	9	19	

21	22	23	18	20	

======STEP 28=========
WEIGHT + STEPS = 52

6	1	2	3	4	

11	7	8	15	5	

0	13	14	10	24	

16	12	17	9	19	

21	22	23	18	20	

======STEP 29=========
WEIGHT + STEPS = 52

6	1	2	3	4	

0	7	8	15	5	

11	13	14	10	24	

16	12	17	9	19	

21	22	23	18	20	

======STEP 30=========
WEIGHT + STEPS = 52

0	1	2	3	4	

6	7	8	15	5	

11	13	14	10	24	

16	12	17	9	19	

21	22	23	18	20	

======STEP 31=========
WEIGHT + STEPS = 52

1	0	2	3	4	

6	7	8	15	5	

11	13	14	10	24	

16	12	17	9	19	

21	22	23	18	20	

======STEP 32=========
WEIGHT + STEPS = 52

1	2	0	3	4	

6	7	8	15	5	

11	13	14	10	24	

16	12	17	9	19	

21	22	23	18	20	

======STEP 33=========
WEIGHT + STEPS = 52

1	2	3	0	4	

6	7	8	15	5	

11	13	14	10	24	

16	12	17	9	19	

21	22	23	18	20	

======STEP 34=========
WEIGHT + STEPS = 52

1	2	3	4	0	

6	7	8	15	5	

11	13	14	10	24	

16	12	17	9	19	

21	22	23	18	20	

======STEP 35=========
WEIGHT + STEPS = 52

1	2	3	4	5	

6	7	8	15	0	

11	13	14	10	24	

16	12	17	9	19	

21	22	23	18	20	

======STEP 36=========
WEIGHT + STEPS = 52

1	2	3	4	5	

6	7	8	0	15	

11	13	14	10	24	

16	12	17	9	19	

21	22	23	18	20	

======STEP 37=========
WEIGHT + STEPS = 52

1	2	3	4	5	

6	7	8	10	15	

11	13	14	0	24	

16	12	17	9	19	

21	22	23	18	20	

======STEP 38=========
WEIGHT + STEPS = 52

1	2	3	4	5	

6	7	8	10	15	

11	13	14	9	24	

16	12	17	0	19	

21	22	23	18	20	

======STEP 39=========
WEIGHT + STEPS = 52

1	2	3	4	5	

6	7	8	10	15	

11	13	14	9	24	

16	12	17	18	19	

21	22	23	0	20	

======STEP 40=========
WEIGHT + STEPS = 54

1	2	3	4	5	

6	7	8	10	15	

11	13	14	9	24	

16	12	17	18	19	

21	22	23	20	0	

======STEP 41=========
WEIGHT + STEPS = 56

1	2	3	4	5	

6	7	8	10	15	

11	13	14	9	24	

16	12	17	18	0	

21	22	23	20	19	

======STEP 42=========
WEIGHT + STEPS = 56

1	2	3	4	5	

6	7	8	10	15	

11	13	14	9	0	

16	12	17	18	24	

21	22	23	20	19	

======STEP 43=========
WEIGHT + STEPS = 56

1	2	3	4	5	

6	7	8	10	0	

11	13	14	9	15	

16	12	17	18	24	

21	22	23	20	19	

======STEP 44=========
WEIGHT + STEPS = 56

1	2	3	4	5	

6	7	8	0	10	

11	13	14	9	15	

16	12	17	18	24	

21	22	23	20	19	

======STEP 45=========
WEIGHT + STEPS = 56

1	2	3	4	5	

6	7	8	9	10	

11	13	14	0	15	

16	12	17	18	24	

21	22	23	20	19	

======STEP 46=========
WEIGHT + STEPS = 56

1	2	3	4	5	

6	7	8	9	10	

11	13	0	14	15	

16	12	17	18	24	

21	22	23	20	19	

======STEP 47=========
WEIGHT + STEPS = 56

1	2	3	4	5	

6	7	8	9	10	

11	0	13	14	15	

16	12	17	18	24	

21	22	23	20	19	

======STEP 48=========
WEIGHT + STEPS = 56

1	2	3	4	5	

6	7	8	9	10	

11	12	13	14	15	

16	0	17	18	24	

21	22	23	20	19	

======STEP 49=========
WEIGHT + STEPS = 56

1	2	3	4	5	

6	7	8	9	10	

11	12	13	14	15	

16	17	0	18	24	

21	22	23	20	19	

======STEP 50=========
WEIGHT + STEPS = 56

1	2	3	4	5	

6	7	8	9	10	

11	12	13	14	15	

16	17	18	0	24	

21	22	23	20	19	

======STEP 51=========
WEIGHT + STEPS = 56

1	2	3	4	5	

6	7	8	9	10	

11	12	13	14	15	

16	17	18	24	0	

21	22	23	20	19	

======STEP 52=========
WEIGHT + STEPS = 56

1	2	3	4	5	

6	7	8	9	10	

11	12	13	14	15	

16	17	18	24	19	

21	22	23	20	0	

======STEP 53=========
WEIGHT + STEPS = 56

1	2	3	4	5	

6	7	8	9	10	

11	12	13	14	15	

16	17	18	24	19	

21	22	23	0	20	

======STEP 54=========
WEIGHT + STEPS = 56

1	2	3	4	5	

6	7	8	9	10	

11	12	13	14	15	

16	17	18	0	19	

21	22	23	24	20	

======STEP 55=========
WEIGHT + STEPS = 56

1	2	3	4	5	

6	7	8	9	10	

11	12	13	14	15	

16	17	18	19	0	

21	22	23	24	20	

======STEP 56=========
WEIGHT + STEPS = 56

1	2	3	4	5	

6	7	8	9	10	

11	12	13	14	15	

16	17	18	19	20	

21	22	23	24	0	

