begin astar
Started thread 0
Started thread 1
Started thread 2
Started thread 3
solution found
======STEP 0=========
WEIGHT + STEPS = 44

6	7	3	9	4	

15	2	1	18	5	

12	11	22	14	17	

13	24	8	0	10	

23	16	21	19	20	

======STEP 1=========
WEIGHT + STEPS = 46

6	7	3	9	4	

15	2	1	18	5	

12	11	22	0	17	

13	24	8	14	10	

23	16	21	19	20	

======STEP 2=========
WEIGHT + STEPS = 46

6	7	3	9	4	

15	2	1	0	5	

12	11	22	18	17	

13	24	8	14	10	

23	16	21	19	20	

======STEP 3=========
WEIGHT + STEPS = 46

6	7	3	0	4	

15	2	1	9	5	

12	11	22	18	17	

13	24	8	14	10	

23	16	21	19	20	

======STEP 4=========
WEIGHT + STEPS = 48

6	7	0	3	4	

15	2	1	9	5	

12	11	22	18	17	

13	24	8	14	10	

23	16	21	19	20	

======STEP 5=========
WEIGHT + STEPS = 48

6	7	1	3	4	

15	2	0	9	5	

12	11	22	18	17	

13	24	8	14	10	

23	16	21	19	20	

======STEP 6=========
WEIGHT + STEPS = 50

6	7	1	3	4	

15	0	2	9	5	

12	11	22	18	17	

13	24	8	14	10	

23	16	21	19	20	

======STEP 7=========
WEIGHT + STEPS = 52

6	7	1	3	4	

15	11	2	9	5	

12	0	22	18	17	

13	24	8	14	10	

23	16	21	19	20	

======STEP 8=========
WEIGHT + STEPS = 52

6	7	1	3	4	

15	11	2	9	5	

12	22	0	18	17	

13	24	8	14	10	

23	16	21	19	20	

======STEP 9=========
WEIGHT + STEPS = 52

6	7	1	3	4	

15	11	2	9	5	

12	22	8	18	17	

13	24	0	14	10	

23	16	21	19	20	

======STEP 10=========
WEIGHT + STEPS = 52

6	7	1	3	4	

15	11	2	9	5	

12	22	8	18	17	

13	0	24	14	10	

23	16	21	19	20	

======STEP 11=========
WEIGHT + STEPS = 52

6	7	1	3	4	

15	11	2	9	5	

12	22	8	18	17	

0	13	24	14	10	

23	16	21	19	20	

======STEP 12=========
WEIGHT + STEPS = 54

6	7	1	3	4	

15	11	2	9	5	

0	22	8	18	17	

12	13	24	14	10	

23	16	21	19	20	

======STEP 13=========
WEIGHT + STEPS = 54

6	7	1	3	4	

0	11	2	9	5	

15	22	8	18	17	

12	13	24	14	10	

23	16	21	19	20	

======STEP 14=========
WEIGHT + STEPS = 54

6	7	1	3	4	

11	0	2	9	5	

15	22	8	18	17	

12	13	24	14	10	

23	16	21	19	20	

======STEP 15=========
WEIGHT + STEPS = 54

6	0	1	3	4	

11	7	2	9	5	

15	22	8	18	17	

12	13	24	14	10	

23	16	21	19	20	

======STEP 16=========
WEIGHT + STEPS = 54

6	1	0	3	4	

11	7	2	9	5	

15	22	8	18	17	

12	13	24	14	10	

23	16	21	19	20	

======STEP 17=========
WEIGHT + STEPS = 54

6	1	2	3	4	

11	7	0	9	5	

15	22	8	18	17	

12	13	24	14	10	

23	16	21	19	20	

======STEP 18=========
WEIGHT + STEPS = 54

6	1	2	3	4	

11	7	8	9	5	

15	22	0	18	17	

12	13	24	14	10	

23	16	21	19	20	

======STEP 19=========
WEIGHT + STEPS = 56

6	1	2	3	4	

11	7	8	9	5	

15	0	22	18	17	

12	13	24	14	10	

23	16	21	19	20	

======STEP 20=========
WEIGHT + STEPS = 56

6	1	2	3	4	

11	7	8	9	5	

0	15	22	18	17	

12	13	24	14	10	

23	16	21	19	20	

======STEP 21=========
WEIGHT + STEPS = 56

6	1	2	3	4	

11	7	8	9	5	

12	15	22	18	17	

0	13	24	14	10	

23	16	21	19	20	

======STEP 22=========
WEIGHT + STEPS = 58

6	1	2	3	4	

11	7	8	9	5	

12	15	22	18	17	

23	13	24	14	10	

0	16	21	19	20	

======STEP 23=========
WEIGHT + STEPS = 58

6	1	2	3	4	

11	7	8	9	5	

12	15	22	18	17	

23	13	24	14	10	

16	0	21	19	20	

======STEP 24=========
WEIGHT + STEPS = 58

6	1	2	3	4	

11	7	8	9	5	

12	15	22	18	17	

23	13	24	14	10	

16	21	0	19	20	

======STEP 25=========
WEIGHT + STEPS = 58

6	1	2	3	4	

11	7	8	9	5	

12	15	22	18	17	

23	13	0	14	10	

16	21	24	19	20	

======STEP 26=========
WEIGHT + STEPS = 58

6	1	2	3	4	

11	7	8	9	5	

12	15	0	18	17	

23	13	22	14	10	

16	21	24	19	20	

======STEP 27=========
WEIGHT + STEPS = 58

6	1	2	3	4	

11	7	8	9	5	

12	0	15	18	17	

23	13	22	14	10	

16	21	24	19	20	

======STEP 28=========
WEIGHT + STEPS = 58

6	1	2	3	4	

11	7	8	9	5	

12	13	15	18	17	

23	0	22	14	10	

16	21	24	19	20	

======STEP 29=========
WEIGHT + STEPS = 58

6	1	2	3	4	

11	7	8	9	5	

12	13	15	18	17	

0	23	22	14	10	

16	21	24	19	20	

======STEP 30=========
WEIGHT + STEPS = 58

6	1	2	3	4	

11	7	8	9	5	

12	13	15	18	17	

16	23	22	14	10	

0	21	24	19	20	

======STEP 31=========
WEIGHT + STEPS = 58

6	1	2	3	4	

11	7	8	9	5	

12	13	15	18	17	

16	23	22	14	10	

21	0	24	19	20	

======STEP 32=========
WEIGHT + STEPS = 58

6	1	2	3	4	

11	7	8	9	5	

12	13	15	18	17	

16	0	22	14	10	

21	23	24	19	20	

======STEP 33=========
WEIGHT + STEPS = 58

6	1	2	3	4	

11	7	8	9	5	

12	13	15	18	17	

16	22	0	14	10	

21	23	24	19	20	

======STEP 34=========
WEIGHT + STEPS = 60

6	1	2	3	4	

11	7	8	9	5	

12	13	15	18	17	

16	22	14	0	10	

21	23	24	19	20	

======STEP 35=========
WEIGHT + STEPS = 60

6	1	2	3	4	

11	7	8	9	5	

12	13	15	0	17	

16	22	14	18	10	

21	23	24	19	20	

======STEP 36=========
WEIGHT + STEPS = 60

6	1	2	3	4	

11	7	8	9	5	

12	13	0	15	17	

16	22	14	18	10	

21	23	24	19	20	

======STEP 37=========
WEIGHT + STEPS = 60

6	1	2	3	4	

11	7	8	9	5	

12	13	14	15	17	

16	22	0	18	10	

21	23	24	19	20	

======STEP 38=========
WEIGHT + STEPS = 60

6	1	2	3	4	

11	7	8	9	5	

12	13	14	15	17	

16	22	18	0	10	

21	23	24	19	20	

======STEP 39=========
WEIGHT + STEPS = 62

6	1	2	3	4	

11	7	8	9	5	

12	13	14	0	17	

16	22	18	15	10	

21	23	24	19	20	

======STEP 40=========
WEIGHT + STEPS = 62

6	1	2	3	4	

11	7	8	9	5	

12	13	14	17	0	

16	22	18	15	10	

21	23	24	19	20	

======STEP 41=========
WEIGHT + STEPS = 62

6	1	2	3	4	

11	7	8	9	5	

12	13	14	17	10	

16	22	18	15	0	

21	23	24	19	20	

======STEP 42=========
WEIGHT + STEPS = 62

6	1	2	3	4	

11	7	8	9	5	

12	13	14	17	10	

16	22	18	0	15	

21	23	24	19	20	

======STEP 43=========
WEIGHT + STEPS = 62

6	1	2	3	4	

11	7	8	9	5	

12	13	14	0	10	

16	22	18	17	15	

21	23	24	19	20	

======STEP 44=========
WEIGHT + STEPS = 62

6	1	2	3	4	

11	7	8	9	5	

12	13	0	14	10	

16	22	18	17	15	

21	23	24	19	20	

======STEP 45=========
WEIGHT + STEPS = 64

6	1	2	3	4	

11	7	8	9	5	

12	13	18	14	10	

16	22	0	17	15	

21	23	24	19	20	

======STEP 46=========
WEIGHT + STEPS = 64

6	1	2	3	4	

11	7	8	9	5	

12	13	18	14	10	

16	22	17	0	15	

21	23	24	19	20	

======STEP 47=========
WEIGHT + STEPS = 64

6	1	2	3	4	

11	7	8	9	5	

12	13	18	14	10	

16	22	17	19	15	

21	23	24	0	20	

======STEP 48=========
WEIGHT + STEPS = 64

6	1	2	3	4	

11	7	8	9	5	

12	13	18	14	10	

16	22	17	19	15	

21	23	0	24	20	

======STEP 49=========
WEIGHT + STEPS = 64

6	1	2	3	4	

11	7	8	9	5	

12	13	18	14	10	

16	22	17	19	15	

21	0	23	24	20	

======STEP 50=========
WEIGHT + STEPS = 64

6	1	2	3	4	

11	7	8	9	5	

12	13	18	14	10	

16	0	17	19	15	

21	22	23	24	20	

======STEP 51=========
WEIGHT + STEPS = 64

6	1	2	3	4	

11	7	8	9	5	

12	13	18	14	10	

16	17	0	19	15	

21	22	23	24	20	

======STEP 52=========
WEIGHT + STEPS = 64

6	1	2	3	4	

11	7	8	9	5	

12	13	0	14	10	

16	17	18	19	15	

21	22	23	24	20	

======STEP 53=========
WEIGHT + STEPS = 64

6	1	2	3	4	

11	7	8	9	5	

12	0	13	14	10	

16	17	18	19	15	

21	22	23	24	20	

======STEP 54=========
WEIGHT + STEPS = 64

6	1	2	3	4	

11	7	8	9	5	

0	12	13	14	10	

16	17	18	19	15	

21	22	23	24	20	

======STEP 55=========
WEIGHT + STEPS = 64

6	1	2	3	4	

0	7	8	9	5	

11	12	13	14	10	

16	17	18	19	15	

21	22	23	24	20	

======STEP 56=========
WEIGHT + STEPS = 64

0	1	2	3	4	

6	7	8	9	5	

11	12	13	14	10	

16	17	18	19	15	

21	22	23	24	20	

======STEP 57=========
WEIGHT + STEPS = 64

1	0	2	3	4	

6	7	8	9	5	

11	12	13	14	10	

16	17	18	19	15	

21	22	23	24	20	

======STEP 58=========
WEIGHT + STEPS = 64

1	2	0	3	4	

6	7	8	9	5	

11	12	13	14	10	

16	17	18	19	15	

21	22	23	24	20	

======STEP 59=========
WEIGHT + STEPS = 64

1	2	3	0	4	

6	7	8	9	5	

11	12	13	14	10	

16	17	18	19	15	

21	22	23	24	20	

======STEP 60=========
WEIGHT + STEPS = 64

1	2	3	4	0	

6	7	8	9	5	

11	12	13	14	10	

16	17	18	19	15	

21	22	23	24	20	

======STEP 61=========
WEIGHT + STEPS = 64

1	2	3	4	5	

6	7	8	9	0	

11	12	13	14	10	

16	17	18	19	15	

21	22	23	24	20	

======STEP 62=========
WEIGHT + STEPS = 64

1	2	3	4	5	

6	7	8	9	10	

11	12	13	14	0	

16	17	18	19	15	

21	22	23	24	20	

======STEP 63=========
WEIGHT + STEPS = 64

1	2	3	4	5	

6	7	8	9	10	

11	12	13	14	15	

16	17	18	19	0	

21	22	23	24	20	

======STEP 64=========
WEIGHT + STEPS = 64

1	2	3	4	5	

6	7	8	9	10	

11	12	13	14	15	

16	17	18	19	20	

21	22	23	24	0	

